0    : [0. 0. 0.] [2.50e+05 1.75e+05 1.40e+02]
1    : [8.58796915e+00 6.01157841e+00 4.80926272e-03] [4.99195383e+05 3.51149553e+05 1.54604357e+02]
2    : [2.57268131e+01 1.80675761e+01 1.01171369e-02] [9.97557233e+05 7.03484115e+05 1.83804506e+02]
3    : [5.99661372e+01 4.22133814e+01 1.64257421e-02] [1.99425246e+06 1.40819061e+06 2.42195944e+02]
4    : [1.28405078e+02 9.05397998e+01 2.47372975e-02] [3.98761429e+06 2.81764253e+06 3.58969616e+02]
5    : [2.65241853e+02 1.87228470e+02 3.70553534e-02] [7.97430886e+06 5.63658669e+06 5.92507379e+02]
6    : [5.38872842e+02 3.80642700e+02 5.73865452e-02] [1.59476682e+07 1.12745167e+07 1.05957293e+03]
7    : [1.08609076e+03 7.67509137e+02 9.37438941e-02] [3.18943565e+07 2.25504195e+07 1.99369364e+03]
8    : [2.18048099e+03 1.54128110e+03 1.62153305e-01] [6.37877016e+07 4.51022695e+07 3.86192425e+03]
9    : [4.36921426e+03 3.08886528e+03 2.94666508e-01] [1.27574359e+08 9.02060151e+07 7.59837420e+03]
10    : [8.74663194e+03 6.18407507e+03 5.55386914e-01] [2.55147642e+08 1.80413553e+08 1.50712624e+04]
11    : [1.75014168e+04 1.23745373e+04 1.07252131e+00] [5.10294173e+08 3.60828678e+08 3.00170266e+04]
12    : [3.50109342e+04 2.47555057e+04 2.10248325e+00] [1.02058720e+09 7.21658976e+08 5.99085423e+04]
13    : [7.00299149e+04 4.95174876e+04 4.15809979e+00] [2.04117322e+09 1.44331962e+09 1.19691561e+05]
14    : [1.40067820e+05 9.90414979e+04 8.26502509e+00] [4.08234522e+09 2.88664097e+09 2.39257583e+05]
15    : [2.80143574e+05 1.98089567e+05 1.64745674e+01] [8.16468918e+09 5.77328373e+09 4.78389615e+05]
16    : [5.60295021e+05 3.96185753e+05 3.28893431e+01] [1.63293771e+10 1.15465693e+10 9.56653663e+05]
17    : [1.12059785e+06 7.92378177e+05 6.57145851e+01] [3.26587528e+10 2.30931405e+10 1.91318174e+06]
18    : [2.24120345e+06 1.58476308e+06 1.31360759e+02] [6.53175042e+10 4.61862829e+10 3.82623789e+06]
19    : [4.48241459e+06 3.16953293e+06 2.62648797e+02] [1.30635007e+11 9.23725678e+10 7.65235017e+06]
20    : [8.96483679e+06 6.33907269e+06 5.25220562e+02] [2.61270012e+11 1.84745138e+11 1.53045747e+07]
21    : [1.79296811e+07 1.26781523e+07 1.05035978e+03] [5.22540023e+11 3.69490278e+11 3.06090238e+07]
22    : [3.58593697e+07 2.53563115e+07 2.10063390e+03] [1.04508004e+12 7.38980557e+11 6.12179218e+07]
23    : [7.17187468e+07 5.07126300e+07 4.20117783e+03] [2.09016009e+12 1.47796112e+12 1.22435718e+08]
24    : [1.43437501e+08 1.01425267e+08 8.40226138e+03] [4.18032017e+12 2.95592224e+12 2.44871310e+08]
25    : [2.86875009e+08 2.02850541e+08 1.68044242e+04] [8.36064035e+12 5.91184447e+12 4.89742495e+08]
26    : [5.73750025e+08 4.05701090e+08 3.36087454e+04] [1.67212807e+13 1.18236890e+13 9.79484864e+08]
27    : [1.14750006e+09 8.11402187e+08 6.72173836e+04] [3.34425614e+13 2.36473779e+13 1.95896960e+09]
28    : [2.29500012e+09 1.62280438e+09 1.34434656e+05] [6.68851228e+13 4.72947558e+13 3.91793908e+09]
29    : [4.59000025e+09 3.24560877e+09 2.68869195e+05] [1.33770246e+14 9.45895116e+13 7.83587803e+09]
30    : [9.18000051e+09 6.49121755e+09 5.37738271e+05] [2.67540491e+14 1.89179023e+14 1.56717559e+10]
31    : [1.83600010e+10 1.29824351e+10 1.07547642e+06] [5.35080982e+14 3.78358047e+14 3.13435117e+10]
32    : [3.67200021e+10 2.59648702e+10 2.15095270e+06] [1.07016196e+15 7.56716093e+14 6.26870234e+10]
33    : [7.34400041e+10 5.19297404e+10 4.30190528e+06] [2.14032393e+15 1.51343219e+15 1.25374047e+11]
34    : [1.46880008e+11 1.03859481e+11 8.60381041e+06] [4.28064786e+15 3.02686437e+15 2.50748093e+11]
35    : [2.93760017e+11 2.07718962e+11 1.72076207e+07] [8.56129571e+15 6.05372874e+15 5.01496186e+11]
36    : [5.87520033e+11 4.15437923e+11 3.44152412e+07] [1.71225914e+16 1.21074575e+16 1.00299237e+12]
37    : [1.17504007e+12 8.30875847e+11 6.88304823e+07] [3.42451828e+16 2.42149150e+16 2.00598474e+12]
38    : [2.35008013e+12 1.66175169e+12 1.37660964e+08] [6.84903657e+16 4.84298300e+16 4.01196949e+12]
39    : [4.70016027e+12 3.32350339e+12 2.75321929e+08] [1.36980731e+17 9.68596599e+16 8.02393898e+12]
40    : [9.40032053e+12 6.64700678e+12 5.50643857e+08] [2.73961463e+17 1.93719320e+17 1.60478780e+13]
41    : [1.88006411e+13 1.32940136e+13 1.10128771e+09] [5.47922926e+17 3.87438640e+17 3.20957559e+13]
42    : [3.76012821e+13 2.65880271e+13 2.20257543e+09] [1.09584585e+18 7.74877279e+17 6.41915118e+13]
43    : [7.52025642e+13 5.31760542e+13 4.40515086e+09] [2.19169170e+18 1.54975456e+18 1.28383024e+14]
44    : [1.50405128e+14 1.06352108e+14 8.81030171e+09] [4.38338340e+18 3.09950912e+18 2.56766047e+14]
45    : [3.00810257e+14 2.12704217e+14 1.76206034e+10] [8.76676681e+18 6.19901823e+18 5.13532094e+14]
46    : [6.01620514e+14 4.25408434e+14 3.52412069e+10] [1.75335336e+19 1.23980365e+19 1.02706419e+15]
47    : [1.20324103e+15 8.50816867e+14 7.04824137e+10] [3.50670672e+19 2.47960729e+19 2.05412838e+15]
48    : [2.40648206e+15 1.70163373e+15 1.40964827e+11] [7.01341345e+19 4.95921459e+19 4.10825676e+15]
49    : [4.81296411e+15 3.40326747e+15 2.81929655e+11] [1.40268269e+20 9.91842917e+19 8.21651351e+15]
50    : [9.62592822e+15 6.80653494e+15 5.63859310e+11] [2.80536538e+20 1.98368583e+20 1.64330270e+16]
51    : [1.92518564e+16 1.36130699e+16 1.12771862e+12] [5.61073076e+20 3.96737167e+20 3.28660540e+16]
52    : [3.85037129e+16 2.72261398e+16 2.25543724e+12] [1.12214615e+21 7.93474334e+20 6.57321081e+16]
53    : [7.70074258e+16 5.44522795e+16 4.51087448e+12] [2.24429230e+21 1.58694867e+21 1.31464216e+17]
54    : [1.54014852e+17 1.08904559e+17 9.02174896e+12] [4.48858461e+21 3.17389734e+21 2.62928432e+17]
55    : [3.08029703e+17 2.17809118e+17 1.80434979e+13] [8.97716921e+21 6.34779467e+21 5.25856865e+17]
56    : [6.16059406e+17 4.35618236e+17 3.60869958e+13] [1.79543384e+22 1.26955893e+22 1.05171373e+18]
57    : [1.23211881e+18 8.71236472e+17 7.21739916e+13] [3.59086768e+22 2.53911787e+22 2.10342746e+18]
58    : [2.46423763e+18 1.74247294e+18 1.44347983e+14] [7.18173537e+22 5.07823574e+22 4.20685492e+18]
59    : [4.92847525e+18 3.48494589e+18 2.88695967e+14] [1.43634707e+23 1.01564715e+23 8.41370983e+18]
60    : [9.85695050e+18 6.96989178e+18 5.77391933e+14] [2.87269415e+23 2.03129429e+23 1.68274197e+19]
61    : [1.97139010e+19 1.39397836e+19 1.15478387e+15] [5.74538830e+23 4.06258859e+23 3.36548393e+19]
62    : [3.94278020e+19 2.78795671e+19 2.30956773e+15] [1.14907766e+24 8.12517718e+23 6.73096787e+19]
63    : [7.88556040e+19 5.57591342e+19 4.61913546e+15] [2.29815532e+24 1.62503544e+24 1.34619357e+20]
64    : [1.57711208e+20 1.11518268e+20 9.23827093e+15] [4.59631064e+24 3.25007087e+24 2.69238715e+20]
65    : [3.15422416e+20 2.23036537e+20 1.84765419e+16] [9.19262127e+24 6.50014174e+24 5.38477429e+20]
66    : [6.30844832e+20 4.46073074e+20 3.69530837e+16] [1.83852425e+25 1.30002835e+25 1.07695486e+21]
67    : [1.26168966e+21 8.92146147e+20 7.39061674e+16] [3.67704851e+25 2.60005670e+25 2.15390972e+21]
68    : [2.52337933e+21 1.78429229e+21 1.47812335e+17] [7.35409702e+25 5.20011340e+25 4.30781944e+21]
69    : [5.04675866e+21 3.56858459e+21 2.95624670e+17] [1.47081940e+26 1.04002268e+26 8.61563887e+21]
70    : [1.00935173e+22 7.13716918e+21 5.91249340e+17] [2.94163881e+26 2.08004536e+26 1.72312777e+22]
71    : [2.01870346e+22 1.42743384e+22 1.18249868e+18] [5.88327762e+26 4.16009072e+26 3.44625555e+22]
72    : [4.03740693e+22 2.85486767e+22 2.36499736e+18] [1.17665552e+27 8.32018143e+26 6.89251110e+22]
73    : [8.07481385e+22 5.70973534e+22 4.72999472e+18] [2.35331105e+27 1.66403629e+27 1.37850222e+23]
74    : [1.61496277e+23 1.14194707e+23 9.45998943e+18] [4.70662209e+27 3.32807257e+27 2.75700444e+23]
75    : [3.22992554e+23 2.28389414e+23 1.89199789e+19] [9.41324418e+27 6.65614515e+27 5.51400888e+23]
76    : [6.45985108e+23 4.56778827e+23 3.78399577e+19] [1.88264884e+28 1.33122903e+28 1.10280178e+24]
77    : [1.29197022e+24 9.13557655e+23 7.56799155e+19] [3.76529767e+28 2.66245806e+28 2.20560355e+24]
78    : [2.58394043e+24 1.82711531e+24 1.51359831e+20] [7.53059535e+28 5.32491612e+28 4.41120710e+24]
79    : [5.16788086e+24 3.65423062e+24 3.02719662e+20] [1.50611907e+29 1.06498322e+29 8.82241420e+24]
80    : [1.03357617e+25 7.30846124e+24 6.05439324e+20] [3.01223814e+29 2.12996645e+29 1.76448284e+25]
81    : [2.06715235e+25 1.46169225e+25 1.21087865e+21] [6.02447628e+29 4.25993289e+29 3.52896568e+25]
82    : [4.13430469e+25 2.92338450e+25 2.42175729e+21] [1.20489526e+30 8.51986579e+29 7.05793136e+25]
83    : [8.26860938e+25 5.84676899e+25 4.84351459e+21] [2.40979051e+30 1.70397316e+30 1.41158627e+26]
84    : [1.65372188e+26 1.16935380e+26 9.68702918e+21] [4.81958102e+30 3.40794631e+30 2.82317255e+26]
85    : [3.30744375e+26 2.33870760e+26 1.93740584e+22] [9.63916204e+30 6.81589263e+30 5.64634509e+26]
86    : [6.61488751e+26 4.67741519e+26 3.87481167e+22] [1.92783241e+31 1.36317853e+31 1.12926902e+27]
87    : [1.32297750e+27 9.35483039e+26 7.74962334e+22] [3.85566482e+31 2.72635705e+31 2.25853804e+27]
88    : [2.64595500e+27 1.87096608e+27 1.54992467e+23] [7.71132964e+31 5.45271410e+31 4.51707607e+27]
89    : [5.29191000e+27 3.74193215e+27 3.09984934e+23] [1.54226593e+32 1.09054282e+32 9.03415214e+27]
90    : [1.05838200e+28 7.48386431e+27 6.19969867e+23] [3.08453185e+32 2.18108564e+32 1.80683043e+28]
91    : [2.11676400e+28 1.49677286e+28 1.23993973e+24] [6.16906371e+32 4.36217128e+32 3.61366086e+28]
92    : [4.23352800e+28 2.99354572e+28 2.47987947e+24] [1.23381274e+33 8.72434257e+32 7.22732172e+28]
93    : [8.46705601e+28 5.98709145e+28 4.95975894e+24] [2.46762548e+33 1.74486851e+33 1.44546434e+29]
94    : [1.69341120e+29 1.19741829e+29 9.91951788e+24] [4.93525097e+33 3.48973703e+33 2.89092869e+29]
95    : [3.38682240e+29 2.39483658e+29 1.98390358e+25] [9.87050193e+33 6.97947405e+33 5.78185737e+29]
96    : [6.77364481e+29 4.78967316e+29 3.96780715e+25] [1.97410039e+34 1.39589481e+34 1.15637147e+30]
97    : [1.35472896e+30 9.57934632e+29 7.93561430e+25] [3.94820077e+34 2.79178962e+34 2.31274295e+30]
98    : [2.70945792e+30 1.91586926e+30 1.58712286e+26] [7.89640155e+34 5.58357924e+34 4.62548590e+30]
99    : [5.41891585e+30 3.83173853e+30 3.17424572e+26] [1.57928031e+35 1.11671585e+35 9.25097180e+30]
100    : [1.08378317e+31 7.66347705e+30 6.34849144e+26] [3.15856062e+35 2.23343170e+35 1.85019436e+31]
