100 iteraciones 
[[ 55.39403362]
 [111.65066027]
 [ 47.57413718]] 
 =
 [[40.]
 [53.]
 [51.]]

200 iteraciones

[[49.21990888]
 [52.37228424]
 [78.40566394]]
 =
 [[40.]
 [53.]
 [51.]]

300 iteraciones

[[46.35993295]
 [58.76593702]
 [49.27660199]]
 =
 [[40.]
 [53.]
 [51.]]

400 iteraciones

[[38.51333989]
 [56.69378768]
 [54.69834689]]
 =
 [[40.]
 [53.]
 [51.]]

500 iteraciones

[[43.39780679]
 [53.05867716]
 [52.4831969 ]]
 =
 [[40.]
 [53.]
 [51.]]

600 iteraciones

[[39.62670797]
 [55.67118087]
 [51.77867255]]
 =
 [[40.]
 [53.]
 [51.]]