+----+---------------------------------------------------------------------------+---------------------------------------------------------------------------+------------------------+
|    | x                                                                         | p                                                                         | error                  |
|----+---------------------------------------------------------------------------+---------------------------------------------------------------------------+------------------------|
|  0 | [0. 0. 0. 0. 0. 0.]                                                       | ---                                                                       | ---                    |
|  1 | [0. 0. 0. 0. 0. 0.]                                                       | [ 0.  5.  0.  6. -2.  6.]                                                 | 1.0                    |
|  2 | [ 0.          1.06991525  0.          1.28389831 -0.4279661   1.28389831] | [2.35381356 0.29237288 2.35381356 0.43644068 3.34957627 0.43644068]       | 0.7059391607749814     |
|  3 | [0.70143205 1.15704183 0.70143205 1.41395681 0.57020138 1.41395681]       | [-0.23472957  2.34489818 -0.23472957  1.61580618 -0.29585008  1.61580618] | 0.286642367075886      |
|  4 | [0.65087465 1.6620995  0.65087465 1.76197846 0.50647949 1.76197846]       | [0.82057937 0.15983077 0.82057937 0.10944031 1.16013845 0.10944031]       | 0.19256014645439565    |
|  5 | [0.89529605 1.7097074  0.89529605 1.79457683 0.85204347 1.79457683]       | [-0.07689997  0.80380596 -0.07689997  0.56903219 -0.1093128   0.56903219] | 0.09030684535249994    |
|  6 | [0.87873265 1.88283827 0.87873265 1.91714004 0.8284987  1.91714004]       | [0.2850477  0.05461092 0.2850477  0.03867119 0.40312354 0.03867119]       | 0.06225883717627162    |
|  7 | [0.96363815 1.89910491 0.96363815 1.9286588  0.94857476 1.9286588 ]       | [-0.02678888  0.27943142 -0.02678888  0.19757769 -0.03787652  0.19757769] | 0.0305326558491023     |
|  8 | [0.95786812 1.95929133 0.95786812 1.97121484 0.94041658 1.97121484]       | [0.09903369 0.01898749 0.09903369 0.01342532 0.14005471 0.01342532]       | 0.02112038704204882    |
|  9 | [0.98736671 1.96494702 0.98736671 1.97521377 0.98213386 1.97521377]       | [-0.00930604  0.09707917 -0.00930604  0.0686455  -0.01316087  0.0686455 ] | 0.010507429055234826   |
| 10 | [0.98536229 1.9858568  0.98536229 1.98999924 0.97929915 1.98999924]       | [0.03440688 0.00659653 0.03440688 0.00466446 0.04865868 0.00466446]       | 0.007278176519763174   |
| 11 | [0.99561087 1.98782167 0.99561087 1.99138862 0.99379283 1.99138862]       | [-0.00323318  0.03372788 -0.00323318  0.02384921 -0.00457241  0.02384921] | 0.00363862702201489    |
| 12 | [0.99491448 1.99508628 0.99491448 1.99652548 0.99280798 1.99652548]       | [0.01195385 0.00229181 0.01195385 0.00162055 0.0169053  0.00162055]       | 0.002521513247760862   |
| 13 | [0.9984751  1.99576893 0.9984751  1.99700818 0.99784347 1.99700818]       | [-0.00112329  0.01171795 -0.00112329  0.00828584 -0.00158857  0.00828584] | 0.0012627200686393357  |
| 14 | [0.99823316 1.99829285 0.99823316 1.99879286 0.99750131 1.99879286]       | [0.00415308 0.00079623 0.00415308 0.00056302 0.00587334 0.00056302]       | 0.000875184003108324   |
| 15 | [0.99947021 1.99853002 0.99947021 1.99896056 0.99925076 1.99896056]       | [-0.00039026  0.00407112 -0.00039026  0.00287872 -0.00055191  0.00287872] | 0.00043852913823401386 |
| 16 | [0.99938615 1.99940689 0.99938615 1.99958061 0.99913189 1.99958061]       | [0.00144289 0.00027663 0.00144289 0.00019561 0.00204055 0.00019561]       | 0.0003039586626169611  |
| 17 | [0.99981594 1.99948929 0.99981594 1.99963887 0.9997397  1.99963887]       | [-0.00013559  0.00141441 -0.00013559  0.00100014 -0.00019175  0.00100014] | 0.00015233563802482134 |
| 18 | [0.99978673 1.99979394 0.99978673 1.99985429 0.9996984  1.99985429]       | [5.01297276e-04 9.61094516e-05 5.01297276e-04 6.79596449e-05              | 0.00010559074253949929 |
|    |                                                                           |  7.08941406e-04 6.79596449e-05]                                           |                        |
| 19 | [0.99993605 1.99982257 0.99993605 1.99987453 0.99990956 1.99987453]       | [-4.71063902e-05  4.91404429e-04 -4.71063902e-05  3.47475404e-04          | 5.2922867327562756e-05 |
|    |                                                                           |  -6.66184959e-05  3.47475404e-04]                                         |                        |
+----+---------------------------------------------------------------------------+---------------------------------------------------------------------------+------------------------+
Comprobación
[-1.74163780e-04  4.99996661e+00 -1.74163780e-04  5.99997639e+00
 -2.00024630e+00  5.99997639e+00] = [ 0.  5.  0.  6. -2.  6.]
