A = 
[[ 4. -1.  0. -1.  0.  0.]
 [-1.  4. -1.  0. -1.  0.]
 [ 0. -1.  4.  0.  0. -1.]
 [-1.  0.  0.  4. -1.  0.]
 [ 0. -1.  0. -1.  4. -1.]
 [ 0.  0. -1.  0. -1.  4.]]

D = 
[[4. 0. 0. 0. 0. 0.]
 [0. 4. 0. 0. 0. 0.]
 [0. 0. 4. 0. 0. 0.]
 [0. 0. 0. 4. 0. 0.]
 [0. 0. 0. 0. 4. 0.]
 [0. 0. 0. 0. 0. 4.]]

L = 
[[ 0.  0.  0.  0.  0.  0.]
 [ 1.  0.  0.  0.  0.  0.]
 [-0.  1.  0.  0.  0.  0.]
 [ 1. -0. -0.  0.  0.  0.]
 [-0.  1. -0.  1.  0.  0.]
 [-0. -0.  1. -0.  1.  0.]]

U = 
[[0. 1. 0. 1. 0. 0.]
 [0. 0. 1. 0. 1. 0.]
 [0. 0. 0. 0. 0. 1.]
 [0. 0. 0. 0. 1. 0.]
 [0. 0. 0. 0. 0. 1.]
 [0. 0. 0. 0. 0. 0.]]

La matriz A es definida positiva: True.

La matriz A es simétrica: True.

La solución es 
[1. 2. 1. 2. 1. 2.]
b - A * x0= 
[ 0.  5.  0.  6. -2.  6.]
0.214
[ 0.     1.07   0.     1.284 -0.428  1.284]
