A = 
[[ 4. -1.  0.  0. -1.  0.  0.  0.  0.  0.  0.  0.  0.  0.  0.  0.]
 [ 4.  0. -1.  0.  0. -1.  0.  0.  0.  0.  0.  0.  0.  0.  0.  0.]
 [ 4. -1.  0. -1.  0.  0. -1.  0.  0.  0.  0.  0.  0.  0.  0.  0.]
 [ 4.  0. -1.  0.  0.  0.  0. -1.  0.  0.  0.  0.  0.  0.  0.  0.]
 [ 4.  0.  0.  0.  0. -1.  0.  0. -1.  0.  0.  0.  0.  0.  0.  0.]
 [ 4. -1.  0.  0. -1.  0. -1.  0.  0. -1.  0.  0.  0.  0.  0.  0.]
 [ 4.  0. -1.  0.  0. -1.  0. -1.  0.  0. -1.  0.  0.  0.  0.  0.]
 [ 4.  0.  0. -1.  0.  0. -1.  0.  0.  0.  0. -1.  0.  0.  0.  0.]
 [ 4.  0.  0.  0. -1.  0.  0.  0.  0. -1.  0.  0. -1.  0.  0.  0.]
 [ 4.  0.  0.  0.  0. -1.  0.  0. -1.  0. -1.  0.  0. -1.  0.  0.]
 [ 4.  0.  0.  0.  0.  0. -1.  0.  0. -1.  0. -1.  0.  0. -1.  0.]
 [ 4.  0.  0.  0.  0.  0.  0. -1.  0.  0. -1.  0.  0.  0.  0. -1.]
 [ 4.  0.  0.  0.  0.  0.  0.  0. -1.  0.  0.  0.  0. -1.  0.  0.]
 [ 4.  0.  0.  0.  0.  0.  0.  0.  0. -1.  0.  0. -1.  0. -1.  0.]
 [ 4.  0.  0.  0.  0.  0.  0.  0.  0.  0. -1.  0.  0. -1.  0. -1.]
 [ 4.  0.  0.  0.  0.  0.  0.  0.  0.  0.  0. -1.  0.  0. -1.  0.]]

a51 =  4.0
La solución es 
[1. 2. 1. 2. 1. 2.]
b - A * x0= 
[ 0.  5.  0.  6. -2.  6.]
0.214
[ 0.     1.07   0.     1.284 -0.428  1.284]
La matriz A es definida positiva: False.

La matriz A es simétrica: False.

La matriz A_tilde es definida positiva: True.

La matriz A_tilde es simétrica: True.

