+----+---------------------------------------------------------------------+------------------------+
|    | x                                                                   | error                  |
|----+---------------------------------------------------------------------+------------------------|
|  0 | [0. 0. 0. 0. 0. 0.]                                                 | ---                    |
|  1 | [0.       1.625    0.528125 1.95     0.511875 2.288   ]             | 1.0                    |
|  2 | [1.161875   1.85310938 1.18742305 1.90896875 1.16271289 2.02739418] | 0.39022364615632793    |
|  3 | [0.87411289 2.11694806 0.99068431 2.03927775 1.01086263 1.9922845 ] | 0.12293697531419258    |
|  4 | [1.08853952 1.99419368 0.99840012 2.02052237 0.99901639 2.00147501] | 0.06360938169223612    |
|  5 | [0.97822086 1.99382404 0.99895216 1.9864454  0.99436203 1.99738461] | 0.030001461804321693   |
|  6 | [1.00012131 1.99971932 0.99937313 2.00227347 1.00148904 2.00106482] | 0.0074325522180760046  |
|  7 | [1.00061126 2.00056307 1.00071713 2.00000056 1.00008253 1.99994044] | 0.0008626817250045292  |
|  8 | [0.9999998  2.0000909  0.99979505 2.00002659 0.99999407 1.99994933] | 0.0003115180928898454  |
|  9 | [1.00003825 1.99991662 1.00001792 2.00000253 0.99995903 2.00000771] | 7.604372284316428e-05  |
| 10 | [0.99996225 2.00000525 0.99999884 1.99997366 1.00000794 1.99999989] | 3.394291631627472e-05  |
| 11 | [1.00000447 2.00000208 1.00000099 2.00001194 1.00000214 2.00000105] | 1.4827182305521472e-05 |
| 12 | [1.00000321 2.00000144 1.00000051 1.99999816 0.99999957 1.99999971] | 3.655839657497171e-06  |
+----+---------------------------------------------------------------------+------------------------+
