[6.41421356 1.58578644 5.         4.41421356 3.         3.58578644]
True
Factorización LDLt :
[[ 4. -1.  0. -1.  0.  0.]
 [-1.  4. -1.  0. -1.  0.]
 [ 0. -1.  4.  0.  0. -1.]
 [-1.  0.  0.  4. -1.  0.]
 [ 0. -1.  0. -1.  4. -1.]
 [ 0.  0. -1.  0. -1.  4.]]
Matriz L: 
[[ 1.          0.          0.          0.          0.          0.        ]
 [-0.25        1.          0.          0.          0.          0.        ]
 [ 0.         -0.26666667  1.          0.          0.          0.        ]
 [-0.25       -0.06666667 -0.01785714  1.          0.          0.        ]
 [ 0.         -0.26666667 -0.07142857 -0.28708134  1.          0.        ]
 [ 0.          0.         -0.26785714 -0.00478469 -0.31601124  1.        ]]
Matriz D:
[[4.         0.         0.         0.         0.         0.        ]
 [0.         3.75       0.         0.         0.         0.        ]
 [0.         0.         3.73333333 0.         0.         0.        ]
 [0.         0.         0.         3.73214286 0.         0.        ]
 [0.         0.         0.         0.         3.40669856 0.        ]
 [0.         0.         0.         0.         0.         3.39185393]]
Matriz Lt:
[[ 1.         -0.25        0.         -0.25        0.          0.        ]
 [ 0.          1.         -0.26666667 -0.06666667 -0.26666667  0.        ]
 [ 0.          0.          1.         -0.01785714 -0.07142857 -0.26785714]
 [ 0.          0.          0.          1.         -0.28708134 -0.00478469]
 [ 0.          0.          0.          0.          1.         -0.31601124]
 [ 0.          0.          0.          0.          0.          1.        ]]
X = [81.95125787 55.44545403 77.22803018 48.35957744 24.85252809 47.        ]
[[1. 0. 0. 0. 0. 0.]
 [0. 1. 0. 0. 0. 0.]
 [0. 0. 1. 0. 0. 0.]
 [0. 0. 0. 1. 0. 0.]
 [0. 0. 0. 0. 1. 0.]
 [0. 0. 0. 0. 0. 1.]]
[[1. 0. 0. 0. 0. 0.]
 [0. 1. 0. 0. 0. 0.]
 [0. 0. 1. 0. 0. 0.]
 [0. 0. 0. 1. 0. 0.]
 [0. 0. 0. 0. 1. 0.]
 [0. 0. 0. 0. 0. 1.]]
